((("PAGE_SHIFT" .
   [1 0 0 0 0 0 0 0 0 0])
  ("addr" .
   [1 0 0 0])
  ("0x" .
   [2 0])
  ("VSYSCALL_END" .
   [0 0 0 1 1 0 0 0 0 0 0 0])
  ("command_line" .
   [2 0 0 0 0 0 0 0 0 0 0 0])
  ("cmd_line_ptr" .
   [2 0 0 0 1 1 1 0 0 0 0 0])
  ("early_printk" .
   [2 0 0 0 0 0 0 0 2 0 1 0])
  ("MAX_NUMNODES" .
   [0 0 0 0 0 0 0 0 1 0 0 0])
  ("memblock_add_region" .
   [1 0 0 0 0 0 0 0 0 0 0 0 0 0 0 0 0 0 0])
  ("memory" .
   [2 0 0 0 0 0])
  ("reserved" .
   [1 0 0 0 0 0 0 0])
  ("memblock" .
   [2 0 0 0 0 0 0 0])
  ("_rgn" .
   [1 0 0 0])
  ("memblock_type" .
   [1 0 0 0 0 0 0 0 0 0 0 0 0])
  ("flags" .
   [2 0 0 0 0])
  ("Flags" .
   [1 0 0 0 0])
  ("nid_buf" .
   [0 0 0 1 0 0 1])
  ("base" .
   [2 0 0 0])
  ("phys_addr_t" .
   [2 0 0 0 0 0 0 0 0 0 0])
  ("__init_memblock" .
   [2 0 0 0 0 0 0 0 0 0 0 0 0 0 0])
  ("exit" .
   [1 0 0 0])
  ("dres" .
   [1 0 0 0])
  ("h" .
   [1])
  ("flag" .
   [1 0 0 0])
  ("ctx" .
   [2 0 0])
  ("N_" .
   [1 0])
  ("setq-default" .
   [1 0 0 0 0 0 0 0 0 0 0 0])
  ("adapter" .
   [1 0 0 0 0 0 0])
  ("mode_count" .
   [1 0 0 0 0 0 0 0 0 0])
  ("pattern" .
   [3 0 0 0 0 0 0])
  ("cb" .
   [1 0])
  ("refname" .
   [5 0 0 0 0 0 0])
  ("print_ref_list" .
   [1 0 0 0 0 0 0 0 0 0 0 0 0 0])
  ("tracked" .
   [2 0 0 0 0 0 0])
  ("states" .
   [2 0 0 0 0 0])
  ("colopts" .
   [0 0 0 0 1 0 0])
  ("print_columns" .
   [0 0 0 0 0 0 0 0 0 0 0 1 0])
  ("interactive" .
   [1 0 0 0 0 0 0 0 0 0 0])
  ("buffer-file-name" .
   [1 0 0 0 0 0 0 0 0 0 0 0 0 0 0 0])
  ("ansi-term" .
   [1 0 0 0 0 0 0 0 0])
  ("kbd" .
   [1 0 0])
  ("emacs-config" .
   [2 0 0 0 0 0 0 0 0 0 0 0])
  ("require" .
   [1 0 0 0 1 0 0])
  ("params" .
   [1 0 0 0 0 0])
  ("extra" .
   [1 0 0 0 0])
  ("u" .
   [1])
  ("c" .
   [3])
  ("NULL" .
   [5 0 0 0])
  ("new_path" .
   [1 0 0 0 0 0 0 0])
  ("ret" .
   [3 0 0])
  ("erlang" .
   [1 0 0 0 0 0])
  ("mu4e" .
   [1 0 0 0])
  ("add-hook" .
   [1 0 0 0 0 0 0 0])
  ("mu4e-update-mail-and-index" .
   [1 0 0 0 0 0 0 0 0 0 0 0 0 0 0 0 0 0 0 0 0 0 0 0 0 0])
  ("nano" .
   [1 0 0 0])
  ("findr" .
   [1 0 0 0 0])
  ("apt" .
   [1 0 0])
  ("arc" .
   [1 0 0])
  ("diff" .
   [2 0 0 0])
  ("patch" .
   [1 0 0 0 0])
  ("alias" .
   [0 0 0 0 4])
  ("while" .
   [0 0 0 1 0])
  ("counter" .
   [9 0 0 0 0 0 1])
  ("continue" .
   [0 0 0 0 0 1 0 0])
  ("print" .
   [20 0 0 0 0])
  ("usage" .
   [1 0 0 0 0])
  ("files" .
   [1 0 0 0 0])
  ("FROM," .
   [1 0 0 0 0])
  ("FROM" .
   [8 0 0 0])
  ("sed" .
   [2 0 0])
  ("awk" .
   [2 0 0])
  ("-n" .
   [4 0])
  ("output" .
   [3 0 0 0 0 0])
  ("ls" .
   [2 0])
  ("printf" .
   [45 0 0 0 0 0])
  ("stat" .
   [2 0 0 0])
  ("buff" .
   [5 0 0 0])
  ("fileSize" .
   [6 0 0 0 1 1 0 0])
  ("fp" .
   [2 0])
  ("name" .
   [2 0 0 0])
  ("url" .
   [3 0 0])
  ("console" .
   [19 0 0 0 0 0 0])
  ("a" .
   [4])
  ("data" .
   [8 0 0 0])
  ("result" .
   [3 0 0 0 0 0])
  ("log" .
   [17 0 0])
  ("video_memory" .
   [0 0 0 0 1 0 0 0 0 0 0 0])
  ("programming" .
   [2 0 0 0 0 0 0 0 0 0 0])
  ("char" .
   [0 0 0 1])
  ("argc" .
   [4 0 0 0])
  ("charArr" .
   [0 0 0 0 0 1 0])
  ("count" .
   [3 0 0 0 0])
  ("include" .
   [5 0 0 0 0 0 0])
  ("argv" .
   [16 0 0 0])
  ("size" .
   [5 0 0 0])
  ("puts" .
   [1 0 0 0])
  ("kmain" .
   [2 0 0 0 0])
  ("unsigned" .
   [0 0 0 0 0 0 2 0])
  ("Private" .
   [1 0 0 0 0 0 0])
  ("User" .
   [1 0 0 0])
  ("search_pattern" .
   [1 0 0 0 0 0 0 0 0 0 0 0 0 0])
  ("logout" .
   [1 0 0 0 0 0])
  ("function" .
   [1 0 0 0 0 0 0 0])
  ("MacAddress" .
   [0 0 1 1 0 0 0 0 0 1])
  ("return" .
   [1 0 0 0 0 0])
  ("id" .
   [1 0])
  ("vidmem3" .
   [1 0 0 0 0 0 0])
  ("vidmem4" .
   [1 0 0 0 0 0 0])
  ("vidmem6" .
   [1 0 0 0 0 0 0])
  ("vidmem7" .
   [1 0 0 0 0 0 0])
  ("vidmem9" .
   [1 0 0 0 0 0 0])
  ("vidmem10" .
   [1 0 0 0 0 0 0 0])
  ("vidmem11" .
   [1 0 0 0 0 0 0 0])
  ("vidmem12" .
   [1 0 0 0 0 0 0 0])
  ("vidmem17" .
   [2 0 0 0 0 0 0 0])
  ("vidmem16" .
   [1 0 0 0 0 0 0 0])
  ("vidmem18" .
   [1 0 0 0 0 0 0 0])
  ("vidmem19" .
   [1 0 0 0 0 0 0 0])
  ("vidmem20" .
   [1 0 0 0 0 0 0 0])
  ("vidmem22" .
   [1 0 0 0 0 0 0 0])
  ("vidmem23" .
   [1 0 0 0 0 0 0 0])
  ("vidmem24" .
   [1 0 0 0 0 0 0 0])
  ("vidmem25" .
   [1 0 0 0 0 0 0 0])
  ("vidmem26" .
   [1 0 0 0 0 0 0 0])
  ("vidmem27" .
   [1 0 0 0 0 0 0 0])
  ("vidmem28" .
   [1 0 0 0 0 0 0 0])
  ("vidmem29" .
   [1 0 0 0 0 0 0 0])
  ("vidmem30" .
   [1 0 0 0 0 0 0 0])
  ("vidmem31" .
   [1 0 0 0 0 0 0 0])
  ("expand_user_path" .
   [1 0 0 0 0 0 0 0 1 0 0 0 0 0 0 0])
  ("given_config_source" .
   [0 0 0 0 0 0 0 0 0 0 0 0 0 0 0 1 1 0 0])
  ("file" .
   [2 0 0 0])
  ("p" .
   [2])
  ("free" .
   [16 0 0 0])
  ("prefix" .
   [3 0 0 0 0 0])
  ("strlen" .
   [6 0 0 0 0 0])
  ("str" .
   [3 0 0])
  ("s" .
   [6])
  ("v" .
   [1])
  ("head" .
   [1 0 0 0])
  ("strbuf_release" .
   [4 0 0 0 0 0 0 0 0 0 0 0 0 0])
  ("sb" .
   [18 0])
  ("alloc" .
   [3 0 0 0 0])
  ("buf" .
   [20 0 0])
  ("len" .
   [1 0 0])
  ("new_buf" .
   [1 0 0 0 0 0 0])
  ("n" .
   [1])
  ("f" .
   [1])
  ("const" .
   [0 0 0 0 1])
  ("foo" .
   [1 0 0])
  ("baz" .
   [2 0 0])
  ("exec_path" .
   [1 0 0 0 0 0 0 0 0])
  ("expand-file-name" .
   [1 0 0 0 0 0 0 0 0 0 0 0 0 0 0 0])
  ("melpa" .
   [1 0 0 0 0])
  ("emacs" .
   [1 0 0 0 0])
  ("global-unset-key" .
   [1 0 0 0 0 0 0 0 0 0 0 0 0 0 0 0])
  ("var" .
   [1 0 0])
  ("get_values" .
   [1 0 0 0 0 0 0 0 0 0])
  ("open" .
   [1 0 0 0])
  ("menu" .
   [1 0 0 0])
  ("reddit" .
   [1 0 0 0 0 0])
  ("models" .
   [1 0 0 0 0 0])
  ("model" .
   [1 0 0 0 0])
  ("arg" .
   [1 0 0])
  ("r" .
   [3])
  ("in" .
   [8 0])
  ("slash" .
   [4 0 0 0 0])
  ("argv0" .
   [4 0 0 0 0])
  ("cmd" .
   [1 0 0])
  ("value" .
   [1 0 0 0 0])
  ("options" .
   [1 0 0 0 0 0 0])
  ("early_serial_base" .
   [0 0 0 0 0 0 0 1 0 0 0 0 0 0 0 0 0])
  ("__verify_pcpu_ptr" .
   [0 0 0 0 0 0 0 0 1 0 0 0 0 0 0 0 0])
  ("ptr" .
   [1 0 0])
  ("new_argv" .
   [1 0 0 0 0 0 0 0])
  ("printk" .
   [2 0 0 0 0 0])
  ("asm" .
   [2 0 0])
  ("__next_mem_range" .
   [0 0 0 0 0 0 0 0 0 0 0 0 0 0 0 1])
  ("idx_a" .
   [1 0 0 0 0])
  ("type_a" .
   [1 0 0 0 0 0])
  ("endif" .
   [1 0 0 0 0])
  ("define" .
   [3 0 0 0 0 0])
  ("PAGE_SIZE" .
   [0 0 0 0 1 0 0 0 1])
  ("PMD_SHIFT" .
   [1 0 0 0 0 0 0 0 0])
  ("VSYSCALL_ADDR" .
   [1 0 0 0 0 0 0 0 0 0 0 0 0])
  ("FIXADDR_START" .
   [0 0 0 0 0 0 0 0 0 0 1 0 0])
  ("request_data" .
   [3 0 0 0 0 0 0 0 0 0 0 0])
  ("arr" .
   [3 0 0])
  ("push" .
   [1 0 0 0])
  ("Service" .
   [1 0 0 0 0 0 0])
  ("create_params" .
   [1 0 0 0 0 0 0 0 0 0 0 0 0])))
